10
1234567892 1234567898
1234567392 1234667898
1234567392 1284567898
1234567692 1234597898
1234567892 1274567898
1234567592 1237567898
1234467892 1234567898
1234527892 1234867898
1234567842 1234597898
1234567392 8234567898

[1383975914, 45, 1383976358, 9, 489, 53, 1383976802, -1, 453, 21, 933, 8, 497, 47, 1383977246, -1, -1, 12, 897, 3, 465, 15, 1377, -1, 452, 20, 941, 11, 491, 50, 1383977690, -1, -1, -1, -1, 3, 456, 24, 1341, -1, 447, 15, 909, 6, 459, 18, 1821, -1, -1, 11, 896, 2, 464, 14, 1385, 2, 455, 14, 935, 5, 494, 53, 1383978134, -1, -1, -1, -1, -1, -1, -1, -1, -1, 447, 15, 900, 6, 468, 9, 1785, -1, -1, 15, 891, 6, 459, 18, 1353, -1, 450, 18, 903, 9, 462, 12, 2265, -1, -1, -1, -1, 2, 455, 23, 1340]
