6 3 5
[3, 3, 3, 3, 4, 5, 6]
9 6 6
[3, 3, 3, 3, 3, 4, 4, 4, 4, 5, 6, 7]
12 9 10
[3, 3, 3, 3, 3, 3, 4, 4, 4, 4, 4, 5, 5, 5, 5, 6, 7, 8]
18 12 15
[3, 3, 3, 3, 3, 3, 3, 3, 3, 3, 4, 4, 4, 4, 4, 4, 5, 5, 5, 5, 5, 6, 6, 6, 6, 7, 8, 9]


32
1 5 1 6
1 1
2 5 1 6
1 2
3 5 1 6
1 3
4 5 1 6
1 4
5 5 1 6
1 5
6 5 1 6
1 6
7 5 1 6
1 7
8 5 1 6
1 8
9 5 1 6
1 9
10 5 1 6
1 10
11 5 1 6
1 11
12 5 1 6
1 12
13 5 1 6
1 13
14 5 1 6
1 14
15 5 1 6
1 15
16 5 1 6
1 16
17 5 1 6
1 17
18 5 1 6
1 18
19 5 1 6
1 19
20 5 1 6
1 20
21 5 1 6
1 21
22 5 1 6
1 22
23 5 1 6
1 23
24 5 1 6
1 24
25 5 1 6
1 25
26 5 1 6
1 26
27 5 1 6
1 27
28 5 1 6
1 28
29 5 1 6
1 29
30 5 1 6
1 30
31 5 1 6
1 31
32 5 1 6
1 32
